0
96
272
492
686
828
1212
1422
156324
156430
1029488
1029574
1029692
1029880
1030180
1030246
1118544
1238358
1276986
1277094
1314802
1770170
1770066
1770242
1770302
1770394
1770442
1770606
1770458
1770548
1770700
1770770
1770830
1770908
1770944
1772420
1772544
1772676
1772808
1772940
1773072
1773124
1773186
1773400
1773258
1774270
1648106
1648130
1648148
1648170
1648204
1648336
1648390
1648436
1648486
1648520
1662066
1664260
1702174
1790500
1878346
1878364
1878392
1878420
1878454
1878478
1878512
1878550
1878572
1878612
1878650
1878676
1878702
1878756
1878820
1955584
1912778
1928600
1928632
1936146
1936308
1936372
1936440
1936532
1936492
1936512
1936562
1936634
1936786
1936680
1936740
1936840
1955848
1955920
1955990
1956052
1936868
1936902
1936942
1937478
1937620
1937790
1937822
1937858
1937900
1937940
1937978
1938090
1939128
1939142
1946418
1946552
1946560
1946654
1946568
1946740
1946868
1946902
1946922
1956118
1946958
1946972
1956322
1956370
1956470
2044110
2044220
